Instance 		         	 Solved   Time 	   Nodes Expanded   Distance	
-----------------------------------------------------------------------------
2 5 3 9 4 6 1 8 0 7 10 11 	 True 	 0.010878 	 185139 		 53
3 7 0 1 2 8 4 10 9 6 5 11 	 True 	 0.000008 	 103 		 15
1 5 10 4 8 0 2 9 7 6 3 11 	 True 	 0.017171 	 307040 		 54
5 6 3 2 0 4 9 10 1 7 8 11 	 True 	 0.000082 	 1602 		 28
1 3 8 6 0 5 7 10 4 2 9 11 	 True 	 0.008306 	 148514 		 53
9 3 6 5 10 1 8 0 2 7 4 11 	 True 	 0.001686 	 27706 		 45
8 4 9 1 5 2 10 7 0 3 6 11 	 True 	 0.012344 	 181835 		 53
3 9 1 8 0 10 5 2 7 4 6 11 	 True 	 0.012525 	 190858 		 54
0 7 9 4 6 5 10 1 3 2 8 11 	 True 	 0.002566 	 38183 		 44
9 4 5 10 0 7 1 3 6 2 8 11 	 True 	 0.001603 	 24513 		 45
7 1 3 4 5 10 9 8 2 0 6 11 	 True 	 0.002958 	 46282 		 45
5 6 7 0 1 2 8 4 10 9 3 11 	 True 	 0.000025 	 398 		 21
2 6 3 1 5 0 10 9 8 7 4 11 	 True 	 0.013150 	 199104 		 53
8 9 4 2 3 7 0 5 10 1 6 11 	 True 	 0.001779 	 27929 		 43
3 10 1 6 0 8 9 2 7 5 4 11 	 True 	 0.002663 	 41159 		 45
9 3 0 6 10 8 4 1 5 2 7 11 	 True 	 0.011901 	 181633 		 54
1 2 6 4 8 7 5 3 0 10 9 11 	 True 	 0.003050 	 44133 		 45
6 5 3 4 2 0 1 10 7 9 8 11 	 True 	 0.011757 	 208050 		 52
5 3 0 8 1 10 7 9 2 6 4 11 	 True 	 0.009181 	 161347 		 53
0 10 4 8 5 6 3 9 2 1 7 11 	 True 	 0.001290 	 22981 		 43
5 1 8 2 7 9 10 6 3 0 4 11 	 True 	 0.008917 	 159074 		 53
5 6 7 8 2 1 0 4 10 9 3 11 	 True 	 0.000103 	 2126 		 28
2 3 6 1 4 0 10 9 8 7 5 11 	 True 	 0.002122 	 37803 		 44
8 3 7 9 4 10 5 0 2 1 6 11 	 True 	 0.000276 	 4822 		 36
8 5 9 3 4 6 10 0 7 2 1 11 	 True 	 0.000373 	 6775 		 36
9 8 7 6 1 10 0 4 3 5 2 11 	 True 	 0.002320 	 40547 		 45
5 4 3 10 9 2 7 8 0 6 1 11 	 True 	 0.000377 	 6667 		 36
6 3 1 0 2 4 9 7 8 10 5 11 	 True 	 0.002058 	 32658 		 45
1 5 7 9 2 4 3 8 6 10 0 11 	 True 	 0.002039 	 33842 		 45
3 9 5 2 1 4 10 7 6 8 0 11 	 True 	 0.000455 	 8461 		 36
7 5 8 10 4 6 9 1 3 0 2 11 	 True 	 0.038425 	 677087 		 60
3 9 6 7 8 2 1 0 4 10 5 11 	 True 	 0.000666 	 10475 		 36
3 2 5 10 0 1 9 8 4 7 6 11 	 True 	 0.004974 	 81009 		 44
7 2 10 3 0 9 8 4 5 1 6 11 	 True 	 0.002797 	 42819 		 44
9 6 2 0 1 4 10 7 3 8 5 11 	 True 	 0.002188 	 34177 		 45
3 5 9 2 0 8 1 7 6 4 10 11 	 True 	 0.002208 	 34605 		 44
6 7 8 9 0 3 1 10 2 5 4 11 	 True 	 0.000480 	 7878 		 36
9 6 2 10 8 3 7 5 0 1 4 11 	 True 	 0.000986 	 15801 		 42
4 6 8 7 1 3 9 0 10 2 5 11 	 True 	 0.015518 	 239301 		 55
2 1 0 10 9 6 4 7 3 5 8 11 	 True 	 0.002580 	 39115 		 44
10 0 7 8 2 5 9 1 4 6 3 11 	 True 	 0.066113 	 812096 		 60
5 10 9 6 7 8 2 1 0 4 3 11 	 True 	 0.000129 	 1638 		 28
10 0 6 7 2 1 9 5 8 3 4 11 	 True 	 0.005523 	 57589 		 45
5 9 10 1 3 2 8 6 4 0 7 11 	 True 	 0.011697 	 116269 		 50
1 9 4 7 5 0 8 3 10 2 6 11 	 True 	 0.002762 	 26827 		 45
3 0 2 6 9 7 8 1 5 4 10 11 	 True 	 0.002783 	 27456 		 44
1 4 10 0 2 8 9 3 5 7 6 11 	 True 	 0.010464 	 138182 		 51
1 8 10 9 5 0 7 4 2 6 3 11 	 True 	 0.010999 	 134785 		 52
9 8 5 0 4 10 7 2 3 1 6 11 	 True 	 0.012411 	 164197 		 51
2 1 10 7 0 4 6 9 3 8 5 11 	 True 	 0.002036 	 25531 		 45
4 6 1 8 2 10 3 7 9 0 5 11 	 True 	 0.014097 	 190131 		 55
5 10 9 6 1 2 8 7 0 4 3 11 	 True 	 0.000601 	 8399 		 36
10 0 5 4 7 9 1 2 3 8 6 11 	 True 	 0.000112 	 1640 		 28
6 8 4 1 5 9 2 3 7 0 10 11 	 True 	 0.000097 	 1410 		 28
4 7 9 1 6 0 8 5 2 10 3 11 	 True 	 0.002089 	 27144 		 45
0 3 8 10 9 7 4 5 2 1 6 11 	 True 	 0.004640 	 51659 		 44
0 3 8 7 9 10 6 1 2 5 4 11 	 True 	 0.004582 	 63346 		 45
3 7 5 0 8 1 10 2 6 9 4 11 	 True 	 0.007484 	 104106 		 51
8 4 6 10 2 5 7 9 1 3 0 11 	 True 	 0.003511 	 47898 		 45
5 10 7 0 1 8 4 2 3 6 9 11 	 True 	 0.014790 	 214728 		 52
8 10 7 2 9 5 1 4 6 3 0 11 	 True 	 0.002077 	 29862 		 45
5 10 9 6 1 0 7 8 2 4 3 11 	 True 	 0.000084 	 1445 		 28
7 5 3 4 8 0 10 6 9 1 2 11 	 True 	 0.000379 	 5695 		 35
0 6 10 9 2 7 5 8 1 4 3 11 	 True 	 0.000502 	 7822 		 36
7 4 8 2 10 1 0 5 9 3 6 11 	 True 	 0.001731 	 26723 		 45
2 0 5 8 9 4 1 7 10 6 3 11 	 True 	 0.013310 	 204142 		 54
9 4 3 6 2 8 10 7 0 5 1 11 	 True 	 0.009320 	 146111 		 53
4 5 9 2 1 3 6 10 7 0 8 11 	 True 	 0.001405 	 20676 		 43
4 3 8 1 6 10 0 2 9 5 7 11 	 True 	 0.073737 	 1078907 		 61
3 6 10 1 2 7 0 9 4 8 5 11 	 True 	 0.002393 	 32383 		 45
3 6 1 2 8 5 10 4 7 9 0 11 	 True 	 0.013554 	 185734 		 52
6 9 10 5 1 0 7 8 2 4 3 11 	 True 	 0.000654 	 8782 		 36
7 4 8 3 10 6 9 2 5 0 1 11 	 True 	 0.001655 	 25814 		 45
1 3 5 6 8 2 0 4 10 7 9 11 	 True 	 0.024673 	 388718 		 56
0 8 6 5 9 1 7 3 10 4 2 11 	 True 	 0.003150 	 49176 		 45
3 4 7 9 0 2 5 6 1 8 10 11 	 True 	 0.000425 	 6799 		 36
5 1 0 9 7 3 4 6 8 10 2 11 	 True 	 0.013851 	 213034 		 53
4 7 10 2 1 9 3 0 6 5 8 11 	 True 	 0.001867 	 28884 		 44
2 10 9 4 5 1 8 7 3 6 0 11 	 True 	 0.003172 	 50558 		 44
10 6 3 8 0 2 7 9 1 4 5 11 	 True 	 0.002655 	 41677 		 44
8 7 4 3 0 5 1 6 2 9 10 11 	 True 	 0.002158 	 33535 		 44
7 4 8 3 6 10 0 5 1 9 2 11 	 True 	 0.010699 	 156251 		 54
1 7 9 4 10 8 2 6 5 0 3 11 	 True 	 0.016293 	 221524 		 55
3 6 5 7 9 4 1 8 2 10 0 11 	 True 	 0.003024 	 40517 		 45
10 4 2 3 8 6 1 7 5 9 0 11 	 True 	 0.002847 	 39507 		 44
5 0 6 4 7 9 2 10 8 3 1 11 	 True 	 0.009827 	 135629 		 54
0 5 10 3 1 9 7 8 2 6 4 11 	 True 	 0.014451 	 182707 		 53
6 9 5 1 8 2 4 10 0 3 7 11 	 True 	 0.009355 	 128695 		 53
6 7 10 9 5 3 4 1 8 0 2 11 	 True 	 0.002877 	 37171 		 45
2 9 1 6 5 10 7 8 0 3 4 11 	 True 	 0.000310 	 4163 		 36
5 10 9 7 0 1 6 8 2 4 3 11 	 True 	 0.000487 	 6881 		 36
7 3 10 0 4 1 9 2 5 8 6 11 	 True 	 0.011750 	 176292 		 54
8 4 6 9 5 7 1 3 2 0 10 11 	 True 	 0.011555 	 181065 		 53
8 2 10 6 9 5 3 4 7 1 0 11 	 True 	 0.003071 	 45303 		 44
1 8 7 3 9 2 5 0 6 4 10 11 	 True 	 0.014778 	 216539 		 54
4 10 8 5 7 0 1 6 2 3 9 11 	 True 	 0.002796 	 44172 		 44
7 1 5 0 3 10 8 6 9 4 2 11 	 True 	 0.005556 	 89256 		 51
0 10 3 9 6 5 4 2 1 7 8 11 	 True 	 0.000399 	 6367 		 35
4 2 0 7 9 1 6 5 8 10 3 11 	 True 	 0.014124 	 203490 		 53
6 1 0 9 4 2 7 10 5 8 3 11 	 True 	 0.055154 	 791961 		 59
