Instance 		         	 Solved   Time 	   Nodes Expanded   Distance	
-----------------------------------------------------------------------------
1 8 10 5 4 0 2 3 9 6 7 11 	 True 	 0.000003 	 39 		 9
8 10 7 6 9 3 2 5 0 4 1 11 	 True 	 0.000003 	 44 		 9
4 6 7 0 8 3 2 1 5 10 9 11 	 True 	 0.000002 	 36 		 9
9 6 1 5 4 8 2 10 7 3 0 11 	 True 	 0.000017 	 266 		 10
2 0 1 8 9 10 3 4 6 7 5 11 	 True 	 0.000001 	 12 		 8
9 0 8 5 2 7 1 3 4 10 6 11 	 True 	 0.000006 	 83 		 10
2 8 1 5 10 6 3 4 9 7 0 11 	 True 	 0.000000 	 9 		 9
1 2 5 3 6 0 9 7 8 4 10 11 	 True 	 0.000006 	 76 		 10
9 3 6 10 7 2 8 0 1 4 5 11 	 True 	 0.000001 	 20 		 9
3 4 0 2 6 8 9 5 10 1 7 11 	 True 	 0.000000 	 9 		 9
