Instance 	          		 Solved   Time 	   Nodes Expanded   Distance	
-----------------------------------------------------------------------------
2 5 3 9 4 6 1 8 0 7 10 11 	 True 	 0.000006 	 80 		 10
3 7 0 1 2 8 4 10 9 6 5 11 	 True 	 0.000000 	 5 		 5
1 5 10 4 8 0 2 9 7 6 3 11 	 True 	 0.000003 	 52 		 10
5 6 3 2 0 4 9 10 1 7 8 11 	 True 	 0.000000 	 8 		 7
1 3 8 6 0 5 7 10 4 2 9 11 	 True 	 0.000003 	 43 		 10
9 3 6 5 10 1 8 0 2 7 4 11 	 True 	 0.000001 	 17 		 9
8 4 9 1 5 2 10 7 0 3 6 11 	 True 	 0.000003 	 40 		 10
3 9 1 8 0 10 5 2 7 4 6 11 	 True 	 0.000003 	 48 		 10
0 7 9 4 6 5 10 1 3 2 8 11 	 True 	 0.000002 	 26 		 9
9 4 5 10 0 7 1 3 6 2 8 11 	 True 	 0.000001 	 14 		 9
7 1 3 4 5 10 9 8 2 0 6 11 	 True 	 0.000001 	 19 		 9
5 6 7 0 1 2 8 4 10 9 3 11 	 True 	 0.000000 	 6 		 6
2 6 3 1 5 0 10 9 8 7 4 11 	 True 	 0.000011 	 159 		 10
8 9 4 2 3 7 0 5 10 1 6 11 	 True 	 0.000002 	 36 		 9
3 10 1 6 0 8 9 2 7 5 4 11 	 True 	 0.000002 	 28 		 9
9 3 0 6 10 8 4 1 5 2 7 11 	 True 	 0.000001 	 22 		 10
1 2 6 4 8 7 5 3 0 10 9 11 	 True 	 0.000001 	 13 		 9
6 5 3 4 2 0 1 10 7 9 8 11 	 True 	 0.000003 	 50 		 10
5 3 0 8 1 10 7 9 2 6 4 11 	 True 	 0.000009 	 143 		 10
0 10 4 8 5 6 3 9 2 1 7 11 	 True 	 0.000001 	 20 		 9
5 1 8 2 7 9 10 6 3 0 4 11 	 True 	 0.000002 	 32 		 10
5 6 7 8 2 1 0 4 10 9 3 11 	 True 	 0.000000 	 7 		 7
2 3 6 1 4 0 10 9 8 7 5 11 	 True 	 0.000001 	 22 		 9
8 3 7 9 4 10 5 0 2 1 6 11 	 True 	 0.000000 	 8 		 8
8 5 9 3 4 6 10 0 7 2 1 11 	 True 	 0.000000 	 8 		 8
9 8 7 6 1 10 0 4 3 5 2 11 	 True 	 0.000001 	 12 		 9
5 4 3 10 9 2 7 8 0 6 1 11 	 True 	 0.000000 	 8 		 8
6 3 1 0 2 4 9 7 8 10 5 11 	 True 	 0.000001 	 16 		 9
1 5 7 9 2 4 3 8 6 10 0 11 	 True 	 0.000001 	 12 		 9
3 9 5 2 1 4 10 7 6 8 0 11 	 True 	 0.000001 	 11 		 8
7 5 8 10 4 6 9 1 3 0 2 11 	 True 	 0.000016 	 258 		 11
3 9 6 7 8 2 1 0 4 10 5 11 	 True 	 0.000000 	 8 		 8
3 2 5 10 0 1 9 8 4 7 6 11 	 True 	 0.000003 	 48 		 9
7 2 10 3 0 9 8 4 5 1 6 11 	 True 	 0.000004 	 57 		 9
9 6 2 0 1 4 10 7 3 8 5 11 	 True 	 0.000001 	 17 		 9
3 5 9 2 0 8 1 7 6 4 10 11 	 True 	 0.000000 	 11 		 9
6 7 8 9 0 3 1 10 2 5 4 11 	 True 	 0.000001 	 11 		 8
9 6 2 10 8 3 7 5 0 1 4 11 	 True 	 0.000001 	 19 		 9
4 6 8 7 1 3 9 0 10 2 5 11 	 True 	 0.000004 	 53 		 10
2 1 0 10 9 6 4 7 3 5 8 11 	 True 	 0.000003 	 44 		 9
10 0 7 8 2 5 9 1 4 6 3 11 	 True 	 0.000018 	 258 		 11
5 10 9 6 7 8 2 1 0 4 3 11 	 True 	 0.000000 	 7 		 7
10 0 6 7 2 1 9 5 8 3 4 11 	 True 	 0.000003 	 52 		 9
5 9 10 1 3 2 8 6 4 0 7 11 	 True 	 0.000004 	 63 		 10
1 9 4 7 5 0 8 3 10 2 6 11 	 True 	 0.000001 	 20 		 9
3 0 2 6 9 7 8 1 5 4 10 11 	 True 	 0.000002 	 25 		 9
1 4 10 0 2 8 9 3 5 7 6 11 	 True 	 0.000008 	 119 		 10
1 8 10 9 5 0 7 4 2 6 3 11 	 True 	 0.000008 	 119 		 10
9 8 5 0 4 10 7 2 3 1 6 11 	 True 	 0.000006 	 89 		 10
2 1 10 7 0 4 6 9 3 8 5 11 	 True 	 0.000002 	 24 		 9
4 6 1 8 2 10 3 7 9 0 5 11 	 True 	 0.000002 	 34 		 10
5 10 9 6 1 2 8 7 0 4 3 11 	 True 	 0.000000 	 8 		 8
10 0 5 4 7 9 1 2 3 8 6 11 	 True 	 0.000000 	 7 		 7
6 8 4 1 5 9 2 3 7 0 10 11 	 True 	 0.000000 	 7 		 7
4 7 9 1 6 0 8 5 2 10 3 11 	 True 	 0.000001 	 15 		 9
0 3 8 10 9 7 4 5 2 1 6 11 	 True 	 0.000002 	 21 		 9
0 3 8 7 9 10 6 1 2 5 4 11 	 True 	 0.000003 	 27 		 9
3 7 5 0 8 1 10 2 6 9 4 11 	 True 	 0.000003 	 27 		 10
8 4 6 10 2 5 7 9 1 3 0 11 	 True 	 0.000002 	 31 		 9
5 10 7 0 1 8 4 2 3 6 9 11 	 True 	 0.000008 	 87 		 10
8 10 7 2 9 5 1 4 6 3 0 11 	 True 	 0.000001 	 9 		 9
5 10 9 6 1 0 7 8 2 4 3 11 	 True 	 0.000000 	 7 		 7
7 5 3 4 8 0 10 6 9 1 2 11 	 True 	 0.000001 	 14 		 8
0 6 10 9 2 7 5 8 1 4 3 11 	 True 	 0.000001 	 9 		 8
7 4 8 2 10 1 0 5 9 3 6 11 	 True 	 0.000001 	 11 		 9
2 0 5 8 9 4 1 7 10 6 3 11 	 True 	 0.000003 	 29 		 10
9 4 3 6 2 8 10 7 0 5 1 11 	 True 	 0.000008 	 74 		 10
4 5 9 2 1 3 6 10 7 0 8 11 	 True 	 0.000002 	 21 		 9
4 3 8 1 6 10 0 2 9 5 7 11 	 True 	 0.000033 	 449 		 11
3 6 10 1 2 7 0 9 4 8 5 11 	 True 	 0.000001 	 25 		 9
3 6 1 2 8 5 10 4 7 9 0 11 	 True 	 0.000006 	 94 		 10
6 9 10 5 1 0 7 8 2 4 3 11 	 True 	 0.000000 	 8 		 8
7 4 8 3 10 6 9 2 5 0 1 11 	 True 	 0.000001 	 11 		 9
1 3 5 6 8 2 0 4 10 7 9 11 	 True 	 0.000023 	 343 		 11
0 8 6 5 9 1 7 3 10 4 2 11 	 True 	 0.000001 	 17 		 9
3 4 7 9 0 2 5 6 1 8 10 11 	 True 	 0.000000 	 10 		 8
5 1 0 9 7 3 4 6 8 10 2 11 	 True 	 0.000002 	 34 		 10
4 7 10 2 1 9 3 0 6 5 8 11 	 True 	 0.000001 	 14 		 9
2 10 9 4 5 1 8 7 3 6 0 11 	 True 	 0.000001 	 14 		 9
10 6 3 8 0 2 7 9 1 4 5 11 	 True 	 0.000002 	 30 		 9
8 7 4 3 0 5 1 6 2 9 10 11 	 True 	 0.000002 	 19 		 9
7 4 8 3 6 10 0 5 1 9 2 11 	 True 	 0.000003 	 44 		 10
1 7 9 4 10 8 2 6 5 0 3 11 	 True 	 0.000002 	 39 		 10
3 6 5 7 9 4 1 8 2 10 0 11 	 True 	 0.000001 	 15 		 9
10 4 2 3 8 6 1 7 5 9 0 11 	 True 	 0.000002 	 26 		 9
5 0 6 4 7 9 2 10 8 3 1 11 	 True 	 0.000004 	 54 		 10
0 5 10 3 1 9 7 8 2 6 4 11 	 True 	 0.000005 	 70 		 10
6 9 5 1 8 2 4 10 0 3 7 11 	 True 	 0.000005 	 68 		 10
6 7 10 9 5 3 4 1 8 0 2 11 	 True 	 0.000001 	 12 		 9
2 9 1 6 5 10 7 8 0 3 4 11 	 True 	 0.000000 	 8 		 8
5 10 9 7 0 1 6 8 2 4 3 11 	 True 	 0.000000 	 9 		 8
7 3 10 0 4 1 9 2 5 8 6 11 	 True 	 0.000006 	 81 		 10
8 4 6 9 5 7 1 3 2 0 10 11 	 True 	 0.000006 	 90 		 10
8 2 10 6 9 5 3 4 7 1 0 11 	 True 	 0.000002 	 33 		 9
1 8 7 3 9 2 5 0 6 4 10 11 	 True 	 0.000012 	 175 		 10
4 10 8 5 7 0 1 6 2 3 9 11 	 True 	 0.000003 	 48 		 9
7 1 5 0 3 10 8 6 9 4 2 11 	 True 	 0.000003 	 41 		 10
0 10 3 9 6 5 4 2 1 7 8 11 	 True 	 0.000001 	 11 		 8
4 2 0 7 9 1 6 5 8 10 3 11 	 True 	 0.000010 	 155 		 10
6 1 0 9 4 2 7 10 5 8 3 11 	 True 	 0.000049 	 546 		 11
