Instance 		         	 Solved   Time 	   Nodes Expanded   Distance	
-----------------------------------------------------------------------------
2 6 5 0 4 7 8 3 9 10 1 11 	 True 	 0.000343 	 5654 		 36
1 7 5 6 10 0 4 3 9 8 2 11 	 True 	 0.002274 	 37713 		 45
3 9 10 5 0 6 8 1 2 4 7 11 	 True 	 0.001993 	 34398 		 44
9 10 1 4 8 3 2 6 7 5 0 11 	 True 	 0.030354 	 449538 		 52
2 6 3 1 9 7 4 10 8 0 5 11 	 True 	 0.001998 	 30149 		 45
7 5 4 0 6 8 3 2 10 1 9 11 	 True 	 0.011975 	 184889 		 51
3 10 2 5 8 6 4 1 0 9 7 11 	 True 	 0.012393 	 190388 		 53
8 7 5 2 3 1 10 0 9 6 4 11 	 True 	 0.002114 	 32151 		 45
8 5 1 7 2 0 10 6 9 3 4 11 	 True 	 0.016526 	 253913 		 55
9 5 8 10 2 7 3 4 1 0 6 11 	 True 	 0.002327 	 35874 		 44
6 3 8 7 0 5 10 9 2 1 4 11 	 True 	 0.000441 	 6845 		 36
1 7 5 6 3 4 0 10 9 8 2 11 	 True 	 0.002635 	 39869 		 45
6 10 9 3 0 2 1 8 5 7 4 11 	 True 	 0.002502 	 28039 		 45
3 2 4 5 0 1 7 6 8 10 9 11 	 True 	 0.046881 	 507853 		 49
1 7 10 5 2 9 8 6 3 0 4 11 	 True 	 0.017242 	 171507 		 53
5 1 8 3 10 4 6 7 9 0 2 11 	 True 	 0.002589 	 32422 		 45
7 1 10 9 8 2 0 4 3 6 5 11 	 True 	 0.000533 	 7150 		 36
9 8 5 6 2 1 0 7 10 3 4 11 	 True 	 0.000707 	 9765 		 36
7 10 0 1 4 2 3 9 6 8 5 11 	 True 	 0.023187 	 318329 		 54
8 9 1 10 5 7 0 3 4 6 2 11 	 True 	 0.000023 	 281 		 21
1 7 4 8 9 0 10 2 3 6 5 11 	 True 	 0.003865 	 49057 		 44
6 5 7 1 3 4 0 10 9 8 2 11 	 True 	 0.002470 	 32784 		 44
0 3 1 2 4 7 5 8 9 10 6 11 	 True 	 0.002140 	 28502 		 43
2 10 9 7 3 1 8 6 4 5 0 11 	 True 	 0.002405 	 32477 		 42
1 8 5 6 3 2 9 4 7 10 0 11 	 True 	 0.011349 	 147916 		 50
1 0 5 10 7 4 9 3 2 8 6 11 	 True 	 0.016162 	 204395 		 52
5 2 8 9 4 6 7 3 0 1 10 11 	 True 	 0.000778 	 10839 		 36
3 2 8 5 1 10 0 7 6 4 9 11 	 True 	 0.013256 	 204126 		 52
3 7 9 1 6 10 5 4 0 2 8 11 	 True 	 0.011075 	 165669 		 53
7 6 8 5 3 10 1 9 4 0 2 11 	 True 	 0.002526 	 38743 		 45
5 9 1 2 6 0 3 10 8 4 7 11 	 True 	 0.009101 	 142543 		 51
6 5 7 1 3 9 10 0 4 8 2 11 	 True 	 0.001656 	 24782 		 44
2 1 6 4 0 3 8 5 9 10 7 11 	 True 	 0.002907 	 41338 		 45
7 0 5 9 10 1 8 6 3 2 4 11 	 True 	 0.020138 	 305601 		 51
4 7 1 5 10 8 2 6 0 3 9 11 	 True 	 0.001972 	 22077 		 45
10 4 0 9 1 8 2 3 6 7 5 11 	 True 	 0.011907 	 172471 		 51
9 8 10 3 2 0 4 6 1 7 5 11 	 True 	 0.014898 	 197688 		 52
6 8 4 10 1 2 0 7 3 5 9 11 	 True 	 0.017749 	 225025 		 53
6 9 0 8 2 3 1 10 7 4 5 11 	 True 	 0.004185 	 57910 		 45
8 1 7 2 4 6 5 10 3 0 9 11 	 True 	 0.001716 	 22332 		 45
0 4 7 10 5 6 9 2 1 8 3 11 	 True 	 0.003939 	 52554 		 45
1 7 5 6 3 9 10 0 4 8 2 11 	 True 	 0.013902 	 163862 		 53
7 6 8 0 3 4 5 9 10 2 1 11 	 True 	 0.000114 	 1628 		 28
8 0 9 7 2 5 1 4 3 10 6 11 	 True 	 0.014143 	 210761 		 55
9 8 3 7 2 10 0 6 5 4 1 11 	 True 	 0.017770 	 275828 		 53
9 6 1 4 0 10 2 8 5 3 7 11 	 True 	 0.009584 	 136102 		 54
10 0 4 2 6 5 3 9 8 7 1 11 	 True 	 0.012235 	 189860 		 52
2 10 0 5 8 4 6 9 1 7 3 11 	 True 	 0.050701 	 720865 		 61
7 6 9 1 8 0 3 4 10 2 5 11 	 True 	 0.002840 	 30800 		 45
4 3 10 2 6 0 7 8 1 9 5 11 	 True 	 0.002342 	 30079 		 45
2 5 9 1 0 7 10 4 6 8 3 11 	 True 	 0.002323 	 30944 		 45
2 8 7 5 6 3 9 10 0 4 1 11 	 True 	 0.002333 	 30580 		 45
8 7 5 4 10 9 6 2 3 0 1 11 	 True 	 0.000688 	 9633 		 36
8 10 5 9 0 2 7 4 3 1 6 11 	 True 	 0.017682 	 232458 		 54
7 6 9 3 10 0 5 8 1 2 4 11 	 True 	 0.002967 	 39204 		 45
2 7 1 5 0 3 10 9 4 6 8 11 	 True 	 0.002282 	 31970 		 45
9 4 2 8 1 3 7 0 6 5 10 11 	 True 	 0.002430 	 36874 		 45
0 6 4 7 5 10 2 9 3 8 1 11 	 True 	 0.010218 	 152088 		 54
7 1 10 8 6 9 5 2 4 3 0 11 	 True 	 0.001500 	 20712 		 44
3 10 1 6 5 2 0 4 9 8 7 11 	 True 	 0.000090 	 1510 		 28
10 7 4 2 9 1 8 5 0 6 3 11 	 True 	 0.001664 	 25207 		 44
2 8 7 5 10 9 3 6 0 4 1 11 	 True 	 0.012402 	 189145 		 54
1 0 3 8 4 9 10 7 6 5 2 11 	 True 	 0.002590 	 38356 		 44
10 8 3 1 9 4 7 6 5 0 2 11 	 True 	 0.000399 	 6235 		 35
2 10 4 6 1 8 9 3 5 0 7 11 	 True 	 0.007689 	 117664 		 51
6 4 2 8 3 9 1 10 7 0 5 11 	 True 	 0.008080 	 125311 		 53
1 7 6 4 8 9 3 2 5 10 0 11 	 True 	 0.000565 	 9003 		 36
2 9 10 0 4 8 5 7 6 1 3 11 	 True 	 0.000354 	 5441 		 36
3 8 5 7 9 10 0 1 4 6 2 11 	 True 	 0.008540 	 128545 		 51
3 5 2 1 0 7 4 9 8 6 10 11 	 True 	 0.000101 	 1500 		 28
10 3 8 1 4 7 6 9 0 2 5 11 	 True 	 0.003989 	 56818 		 45
8 3 0 1 4 10 9 7 5 6 2 11 	 True 	 0.001430 	 21790 		 43
10 7 4 5 6 3 1 2 9 8 0 11 	 True 	 0.000096 	 1637 		 28
3 0 1 10 6 8 2 7 5 4 9 11 	 True 	 0.002400 	 36929 		 44
0 3 9 1 5 2 7 4 10 8 6 11 	 True 	 0.012291 	 165856 		 52
8 3 6 1 5 2 9 7 0 4 10 11 	 True 	 0.003060 	 37613 		 45
2 4 9 6 0 8 7 5 10 3 1 11 	 True 	 0.009027 	 119409 		 54
7 8 5 2 10 6 3 4 1 0 9 11 	 True 	 0.000449 	 6023 		 36
2 9 5 8 7 3 0 1 4 10 6 11 	 True 	 0.001995 	 26117 		 45
9 0 1 6 4 7 3 8 5 2 10 11 	 True 	 0.019169 	 252476 		 53
2 8 3 6 5 7 9 10 0 4 1 11 	 True 	 0.011212 	 146885 		 53
7 9 6 2 8 4 0 1 3 10 5 11 	 True 	 0.002587 	 30335 		 44
6 2 3 4 8 0 1 9 5 7 10 11 	 True 	 0.000839 	 11758 		 36
5 3 8 7 10 1 4 0 9 6 2 11 	 True 	 0.016509 	 157611 		 54
0 7 9 6 5 4 2 10 8 1 3 11 	 True 	 0.038044 	 324357 		 53
2 8 6 9 0 10 4 7 5 1 3 11 	 True 	 0.017005 	 165929 		 55
9 4 6 1 7 0 8 5 2 10 3 11 	 True 	 0.082945 	 847766 		 62
0 1 7 9 6 8 3 10 5 4 2 11 	 True 	 0.000636 	 8782 		 36
6 3 1 8 5 0 2 10 4 7 9 11 	 True 	 0.023102 	 274779 		 54
8 2 7 4 9 6 5 0 3 10 1 11 	 True 	 0.020150 	 224127 		 54
1 4 8 3 6 5 7 9 10 0 2 11 	 True 	 0.017551 	 228827 		 54
8 1 7 3 4 0 5 9 2 10 6 11 	 True 	 0.011806 	 179842 		 53
10 8 7 4 9 6 3 2 0 1 5 11 	 True 	 0.002876 	 44598 		 44
10 4 3 6 5 0 7 9 1 2 8 11 	 True 	 0.000532 	 7855 		 36
0 7 4 3 9 5 1 10 8 6 2 11 	 True 	 0.000512 	 7862 		 36
4 3 1 5 7 0 8 6 2 9 10 11 	 True 	 0.002031 	 26886 		 43
0 10 2 7 4 8 1 6 9 5 3 11 	 True 	 0.000552 	 6996 		 36
3 4 7 9 0 2 5 6 8 1 10 11 	 True 	 0.003543 	 45753 		 44
10 4 1 9 3 7 6 2 8 0 5 11 	 True 	 0.000447 	 6989 		 36
3 0 8 1 4 6 5 9 2 7 10 11 	 True 	 0.003393 	 49399 		 45
